14.480622411316226 30.504323214881246
25.705895904950758 11.360858684028585
29.162943424120787 10.206084377872088
28.306130457253293 10.651885210543437
13.489167659697445 31.878943167338647
25.87996064329419 10.199470511056743
4.28421629488985 4.335534279928559
26.107551985118874 15.471203417912108
4.414890182858222 6.486150443645242
4.4652747479335275 8.923035443304176
15.582297333619124 33.06258498262882
12.870433925021922 35.42607477160641
29.417080969356203 10.143766949833768
26.494727649347343 11.933650722054262
16.396755452006868 30.45794280756006
15.132113413925985 31.215703592678246
28.547470384364008 12.527893347786346
27.15526007272821 15.886938828661304
26.63675495337667 15.899521374019947
28.84937683845314 10.523572766551162
7.72453362506151 4.62669034149271
14.301468969133726 32.10893693406697
29.92673117267939 15.69690916615187
16.74439523795727 31.976928139937776
17.208715010084923 32.20236498730336
27.45796828189116 13.911737453976572
28.431405047135858 12.494021368399519
16.676833198535963 30.618005713980537
25.434918942929173 42.003079232750395
16.452505830320273 35.53534392866955
25.43041176808589 11.605057518180741
6.369619850337967 8.97995090350382
13.616252819569585 32.166341565198536
29.704225420688047 10.024358559542998
14.064086312759375 33.431563250986194
5.6567049356395085 4.164409033335771
28.94348823911065 12.049632107184854
14.112878316776463 31.41906229265885
13.973601023311604 35.020139325081075
5.2580615475062835 3.353790573907193
5.068404952414898 4.5790228337219645
6.697673443233404 5.358233710688217
6.751870379280254 8.51517302084902
29.018695227396172 11.296749314867917
15.282768342671721 31.108924241153964
13.48945420883348 35.784535132915956
7.739983525930326 8.55197690690092
14.64817823052423 35.11979813702859
5.843201699229224 3.286859005700666
14.076289296282438 31.599567674194798
13.902961754590589 31.67920064127272
13.945831220339603 35.94708003733064
15.679984969466872 35.058184809804935
28.505083018214147 11.599871024699869
26.103867145894867 11.778506146094887
17.237448200586854 35.516813330104696
16.394680437965462 32.63949530304915
12.863234858358327 34.608405687585154
29.083465801613308 10.376769299322977
13.7555226033228 30.81215308240907
13.12895165014455 33.63220935747111
12.927078423410054 32.24391812999855
27.99633249338491 10.3792833563641
14.43461352017901 30.9094441005799
13.085599906205278 31.03749850999278
6.73112272175875 8.310316618346869
5.97851123209109 3.2206244352539395
28.80462106038378 12.766266304119341
14.96808449811797 32.671891432405715
15.921049014111833 32.55933977420896
26.961468328117615 10.663117964669985
15.877957919901586 31.98914670215016
29.90100494077869 11.096884302672276
13.063531621995352 35.48002753708446
14.536081429772203 32.91749570251388
16.742349404808568 35.35353018961456
15.704731319297666 31.47029869388644
28.89689077690238 15.8359968154233
26.991263569095747 13.78723225057212
13.202099233840073 33.14420487758632
29.29641227282622 13.068750431093498
14.864592683844984 34.43243812228852
7.901605935038162 5.409058857560448
28.052110620770257 10.414553737929584
6.881257771330575 4.346160019093198
12.65182520110784 32.36959015097257
6.789286057715063 8.238416555315052
27.90086888469419 13.40903393683568
28.768388726147954 13.239458489446244
4.18496199378686 5.715390350403847
25.04778850930647 11.488448873866094
14.84949901112136 31.62569675921222
16.14896975157442 30.03370558728587
28.38766075315464 14.485356285162794
8.094678622418016 5.691829909829975
15.033560833068426 32.59864112676872
17.075190102639255 34.23411848157541
5.5608964571379325 8.820231026211877
13.54719499195969 34.0285880759939
17.3670515616323 35.80250725464521
25.382526097409162 14.519141132778003
6.60592412256183 6.537759791279005
14.885112256015267 30.107332329587482
28.889788421835448 10.975283935848662
5.079656570734722 4.551429844056864
26.329607844464153 15.037116037236178
17.45903668927836 33.34039769223516
8.13701335696246 5.294969516576533
12.656729901438517 31.652053452440267
28.665528380274225 13.11128069813429
28.754698110923606 14.346123335579021
28.475579614298905 10.366450966288497
5.708931001097012 6.507951211811432
16.59909904140788 30.576082680977684
5.7632166122252615 8.43779547666978
14.357497623496647 30.17193401508731
13.688190395015603 32.31307284332438
14.26708523281689 33.06911658904299
8.312162540814938 3.948582178027475
16.341796849955287 33.67132042962173
13.060503831955838 32.81406729756216
5.473318164017863 3.6447325657773817
12.502737100056196 32.13642239740866
14.97513032337798 33.72783967930746
29.406026443725338 12.224163305119507
28.51898314740532 15.819114383450094
17.286967963905298 31.604590206108142
27.068854442905934 12.945632499598334
25.150788617979856 12.16838993256211
17.456271085483998 35.942219724051874
28.604817602286204 11.393826973576799
7.443497580206563 3.346933703207706
7.696772097292602 4.544267155381543
14.479083357400183 30.486426829991636
13.156599342435687 30.282954961894063
29.885001536074764 11.737511512211507
25.261559880651323 11.060274773944709
4.07069783577251 8.399430206269326
16.662149292805246 32.51192753926968
28.061816097845067 15.970296604196626
28.39290145846354 13.338471753220707
4.154007808695927 6.670272428941955
16.102131917241564 32.77057516816511
4.912741273040288 5.784182843485135
7.3164695524852625 4.902899920188902
27.81999394178135 11.960823753053562
12.788702761117795 30.209995266967447
26.689935901270182 14.974417894858773
13.665107405572012 32.0208110902379
5.368363387058128 3.5908219123067533
13.357595062597921 35.76300990806205
17.457103964296138 30.661853092825492
17.20874089179216 34.6924007293636
17.349409387846343 32.36604671503521
13.980953105520136 31.33205619798366
14.251101400889128 30.762018597516374
27.47073343846668 10.436999110095467
26.00268913043882 14.433901565698262
5.859622515570905 7.689501350744495
27.60090322352837 13.944808064908688
7.247338938565456 3.802677129362406
14.014617885196763 34.97763815271071
8.071080748007423 8.012552020588874
27.84035232106868 11.654692354813275
5.102237735310253 8.759014330663476
27.34343523581353 14.013521664186513
7.92073773591998 3.484961263552556
15.011882795836428 34.5705920429852
17.16912414612593 32.026302851945815
7.432586701465311 5.4323982325020985
26.979650958458095 13.770423308884089
25.198492534034994 13.57967822729124
14.301105104777923 32.53259003763182
8.34550449498549 4.305794600574618
26.083860269029778 13.171512632995036
25.29207092650828 15.55010154624915
16.993848126589818 33.20185226641999
26.171162943018032 14.13872139113357
25.439370771843294 13.257353096315718
25.662589733383644 14.91408028947344
13.589108401205937 30.4471713179473
4.792968500423876 8.348878395096106
6.715126863402888 7.385323614408642
13.549385463061583 34.67369379753896
28.715709324921384 11.430478846411072
15.069679576479537 32.26580513117091
14.753767366358524 30.891530333015773
8.210041890508402 8.192937341150142
25.55322644695724 15.625953026924863
26.86290950546138 11.721032689429624
26.543055800993912 10.987202955185312
15.14657717946068 31.703750043868
14.230303739771031 33.10485805953918
29.982708846298237 10.931329619721238
8.435059819113558 4.754591349775557
5.79667267683234 7.960655002181616
15.245155721054925 32.254030417680376
14.632104917855578 30.701581254443283
14.65873260189915 34.4895529018274
29.555188215156456 13.293054264226242
13.371843558443775 33.107387490497665
15.419855876335482 31.812057454744213
4.106017497938792 3.6675462359638673
16.391817823090726 32.37525912120665
27.204638111415168 11.828843317430811
29.400899827962974 12.533740069324681
25.723562883487 11.486232567972621
14.216621669131618 33.58446571624451
13.570555962855144 33.84415670690584
15.92973365298845 30.1136606567032
25.8995972670154 10.595070149123803
5.581316079538739 5.179960794189932
14.470929771381225 32.345028546414355
16.534443369388768 30.93151107358636
13.987550932608988 35.589321920310795
28.999341217869222 15.188666810053938
13.504559184386794 35.08617352897716
14.94420041869665 31.887507591284106
5.125643098684231 4.513147078186008
27.06463896015956 11.07976923771413
4.802255433127781 5.496386053571613
26.2905002139399 14.219731314416217
5.807288250121587 3.8259407960973135
14.342597415632952 31.070292222951288
29.09141346406095 15.992538868203013
4.207827621428167 6.593642963457018
17.115615270103774 35.29767255007896
15.741176663068995 31.74441818494008
28.45553061273888 14.00288954465292
13.313830293257372 32.27039385169243
14.578483856437252 33.571854045687914
14.094656001925275 30.344243058855668
7.847248445848466 6.320500217754315
29.988355097925357 13.520455428348262
29.437480327424456 14.763978896259188
29.768046978726105 13.91106752579179
29.395723254718124 10.83622290044199
12.568981821677971 33.05089060316266
26.642008595615827 15.461896479406722
29.00195711438416 11.89751866733448
14.836922782280565 35.51611396726324
4.215014988956223 7.969727912841927
15.978174172855452 33.426681879474785
25.766188462382342 14.65466382183282
29.942288648066913 11.309681310777469
4.7093366642044145 6.989034131155838
25.729933554826403 13.545309477362599
15.820314624770575 35.26273238151993
13.866906935285305 35.33857108489589
15.576545147586526 33.330613400693295
4.954980250356192 3.1837376696731976
8.091125029645703 7.05499066547497
4.182582085930586 8.617685290559796
12.80695368960682 31.08183788336757
29.995191016995356 15.53404242363823
4.8805966749642336 4.26084958881505
25.732716761342274 12.703457675576718
6.452355257347554 4.803718552629793
4.291258323066778 4.877358556037291
4.440230084488205 6.727619116737255
13.2701858901752 30.362428902273532
26.267171935449564 11.980888862685184
12.539878140741992 33.35569255841065
26.16728699174523 10.142675784048961
14.235402756317745 31.600979590317937
29.176833809628064 15.845602702880045
15.558898134240104 31.293398641541962
27.104856389879853 11.644825622635842
27.953458413635893 13.348302907749172
27.343495626974214 15.643110920772237
27.086409812818502 11.237375960651883
13.835849390487335 31.760783445386643
6.793607162827823 6.164262727547844
13.632048622277297 34.22460572894037
8.163516851988856 3.009557838858143
7.106419764766147 6.337761319995139
13.76858575545278 31.58122131957559
14.205929856058843 33.25324960407336
28.566841245505866 10.611394973083812
16.16320828510436 33.67330261728132
7.878933689985017 5.525804217050409
13.030791119886489 35.008142831425346
17.25501670246479 31.336605961941327
4.861550064689677 8.748239193504045
4.413407430644169 6.66679107929681
4.989971349849499 3.2552524894268635
16.977478448170032 30.72839800379221
25.51517000447476 14.546548157184024
27.173982088525563 10.98066360524949
15.892526198023173 33.972148293022485
5.433942237110756 3.896043390817254
12.652006128980553 30.394186999014973
29.783850912683402 13.597612479332152
15.049786126892467 33.05372827489775
7.708821610400111 3.7775462341553885
27.671889705593088 15.394248430410453
26.601541777175537 15.609537282261316
12.534031722539812 32.808308699164904
17.057353077139823 31.535886279093212
4.367529300859453 6.716192670990969
27.229877347076595 12.442579780380967
13.060136279356788 31.547701090417352
29.960139102721563 13.83621278721806
16.83647232085682 30.8999436888708
28.946168138949687 10.37274012507876
6.236111332255146 5.159739361968876
14.782749329746759 30.309518758652658
17.2871733029699 31.980130455523337
28.189712849916347 11.588194493686292
13.042390459157925 33.75535126533714
5.94307089035476 7.330551692178707
16.35720969072425 34.697932362438934
6.713721559106924 4.023611910551743
25.25471411365068 14.100913067028703
7.306950249369909 3.0579665154532885
29.20947292540889 15.706733866946191
12.896887526328053 35.32566453098396
29.464778091173795 15.402550974462446
28.93562792244485 15.06008133405945
27.905609834197154 13.981409175242858
15.940388828412388 34.128400275797084
7.398057223385633 5.449438599632292
29.47041848365987 10.888708080112046
8.909198387005942 4.255370914389715
15.023041103437944 31.03443569709153
29.659862002398853 12.90397907102707
25.56724130173795 13.103401083027574
16.243636029771253 35.0105231926483
26.390781158911086 12.023981278489842
16.848603898482455 31.68329875881427
16.38193572007617 31.13431124074837
17.1137518085826 32.78517492812171
15.24903668318439 32.66032732375506
15.455059522706993 30.195664623277665
5.049581062134051 29.959136848665764
26.995136034992765 14.62904124722693
26.553253234525474 10.623644850465597
7.543887995970511 6.242189225324437
7.579590718777572 5.906666259699728
28.935126593469615 12.41623712971069
16.737338179480535 33.85192533009633
27.15976418165276 13.575046461955765
16.97677069654182 33.909712956238494
25.460118662917424 10.909576683838194
16.20238169333213 31.716555564351143
8.910728022169724 7.375597609448348
13.396281817026566 34.81334713284615
4.063320753006616 6.616004332201599
5.784838938127281 8.643837487508115
29.46687272121836 10.054419458259742
13.444252565994201 30.418906712106484
16.043394716842382 33.01555059676864
8.164761706329829 3.2836104308175686
14.802071211408066 32.76582389441455
16.124044509370563 31.81967755034588
25.332991878163888 14.981162846762594
25.14515971571605 14.588743351367414
17.47915338230258 33.08940540916384
27.27782695140181 15.698197868739697
8.178999982081091 5.920049236551286
6.656831623899392 3.7541499898226243
15.625261756535716 30.975678711418404
26.223150577896902 14.748928204773136
28.188554926260903 12.81476142318536
6.331792677624616 8.478844427989024
16.689940064645782 30.340583570195374
16.24287054394467 30.640022949841896
5.079568448138479 6.151547743346719
25.107570621800555 14.87963953880629
13.341988008856822 34.620590189102266
26.818503304089173 15.971449404229693
15.66686142467025 35.71955464009125
16.322128533932116 35.009157567029916
13.890770596370114 30.422431381684262
12.829992222275933 32.323908177040856
28.55231005757593 11.190685501733407
12.727065348696323 33.307380794631754
14.606431721131187 32.74681738956937
12.791313904849096 32.09693535570296
15.57655521208824 33.433377884470076
13.700364664196885 31.06566307955892
29.394060654594902 14.77581847907565
5.047642508083923 3.3629180748622995
12.947359272858106 32.43859077373155
12.576928544220635 34.72876278691421
16.32851261634368 30.043255271118117
13.825231196073668 33.12160151197545
13.956963761492876 31.788818484543835
13.599762318574639 33.313785154555774
4.43670397095352 5.69408015070759
8.580545427489378 3.7397732487889366
28.12169077948876 14.586694275032473
14.78909358197835 31.95155073995346
13.232767187348259 34.00308346767413
28.981508255471788 12.10060300613879
13.689855283361325 35.85268720321183
14.47056011706589 31.628706195511846
13.09540270776035 35.35325591555891
14.977279719717133 34.263513889093105
13.359772107539035 31.253901798254546
15.60235876481628 31.454481623495845
27.359532205424916 10.29279157970591
17.002675923836794 35.17186043907226
12.709237848372046 30.586788898427997
16.923039771627153 31.73155932134192
15.150137090630505 34.8251994693735
16.90368781132637 32.628924172388565
15.187251263050362 33.21765570173481
16.68971174724863 33.42916670974034
13.964141306423425 32.7096908474769
28.289585875765862 11.058201371639042
16.131831095916358 35.27550968556614
8.286902863742734 8.872964311687133
14.193517996729103 33.467099365847425
6.723895842922308 8.95771070881318
28.002567595515078 15.792589209027216
27.738977890659154 14.413285495172875
12.837380177908635 34.68708031875164
13.09784287283166 35.64050866222814
4.772357105554293 7.701633732566857
28.721167357170625 13.395748315410376
12.726001175415835 33.30401986875626
29.946449281297024 13.661910867888015
15.268835190775992 32.00433655304417
14.790766172309294 32.50056683327752
13.310296439970589 31.39384132027896
15.17805467504779 30.86431612277085
16.553014513857246 34.095480328301846
6.447089113704392 3.571916168320069
12.518281326922878 35.21734805861962
15.853635214188673 34.730458700912116
6.359328410273712 3.3993405855506627
29.690335300292567 11.618713349169514
14.800475277304598 32.959734434375235
14.499807754024737 31.16086660479772
14.763222140091269 32.64578292040021
15.834759734810135 35.87998541973232
13.608425787205636 33.04107340017028
27.8051232583207 11.858913236634354
25.044787446476718 11.265307389033138
12.598593633087827 35.3738413453675
13.296965970106283 32.60968800697997
14.222501802376806 31.751216078707166
4.042164978564306 7.5194266867246835
5.926493262090827 5.517659158447811
25.645372364889514 12.801829466800028
28.035338356262177 10.617164225938728
17.382666748464157 32.692306120188654
13.895248511202777 32.57368342356293
13.413411832511176 30.76211540080221
15.804364067464677 33.09810311109567
15.732402189712493 34.59031742253543
6.316992520992729 6.357966283971545
26.78608421706548 13.884240611053434
12.778888228553393 35.89830779010273
6.686415098451818 4.953765967944986
8.100933651672126 6.212675109690697
29.1049090379554 14.899119227656456
14.931060840046493 30.991419665417105
29.46274712709155 10.104920959466186
14.968582961338745 32.61596748766023
27.421871207838507 13.048253077889605
15.0450834229825 35.54808668177747
13.277491590362954 34.22080302812124
28.9292655846461 10.948733732432958
14.974832631575765 32.27237558348352
14.3888422142887 30.806849207669895
26.733411302975448 12.371988812840675
17.439091103669845 32.528245445891294
13.177288813724408 32.935760564910424
26.848692579561277 14.214663851897484
14.202387048505864 31.664624162690817
14.841488472846695 32.29194316353855
16.031203136195753 33.95595273097758
6.300114392578068 5.242737979990359
15.769010859091225 35.78619924808133
13.558219001041241 32.760876300895305
29.038030812536597 10.23257474364757
28.89149253511781 13.953871951087216
12.575121134941186 30.068186388455683
17.44040328632648 32.48832387014603
27.987272596309232 15.473003754831439
28.702225671425843 11.77408414975226
12.716737828651281 34.53426686080108
12.57647305285062 32.09259587837925
8.257536265900931 7.3152678217082165
28.264567724699504 10.403747429207709
27.177236643236956 12.955522936715681
7.35499890519286 8.877907864698603
14.401170598222187 35.679716310984624
25.00368538548976 13.556347893518414
25.73499413975 14.446749222403263
16.33648448382639 32.0771561838549
27.63333904913062 13.450798661314426
14.298954847214747 31.158405398986673
15.302334508508437 30.14111971734426
14.825632184339664 35.59770837528266
29.4395069048852 10.792809655710984
4.256899922257659 7.404536523679464
13.601868870170092 35.829546678244434
15.166800190353507 32.68102461487529
17.445671335736574 35.8524608535642
16.62747956421471 35.52114154551653
17.434529199616104 33.35922974572231
29.9202887395494 14.322821892759842
13.265145019412564 35.47264593349462
4.5718935494172435 7.752677197419066
16.847983670711855 31.118924273265435
14.892899023743151 32.901777273168236
17.38881655946372 34.36091937973873
27.88000002327043 10.617012805699417
26.06701178607658 10.459676597018838
29.00046773917193 10.484645364379764
6.381815950589886 8.687562618160122
28.430190322952786 10.35510214106072
29.843742209482258 12.340191320451526
7.653928286374706 6.966102554710842
27.347974499610242 14.086258705805184
28.86749121073374 11.091672874279531
25.70316659173 12.988835709314664
14.390071331809407 30.922837780068463
8.401331249613634 8.664767747813922
6.725198249836167 6.031434549993764
15.346669211463606 32.7444012349859
29.133541924736512 13.530123653013074
25.08116690786407 15.775770861307485
7.511203631745219 8.81711555608819
25.786823389512392 10.892852958648863
14.052650008751446 34.39901464757583
26.647041604245533 13.104448159953527
7.228142832996891 5.99755828862506
5.231870654974081 3.5813942714793714
27.47456203888328 13.199641574293363
27.342866460375213 12.485026469297589
27.14834031564236 10.05309150961492
20.63063517255725 20.236598657238055
16.994601090507047 32.2548335176245
8.766200591124235 4.233067311558709
13.087383764297815 31.846341905067142
12.516810155318494 32.58235296838522
28.54784298071444 13.043745830660967
8.31855496012906 3.4038189595404766
4.994822562972714 7.935800969885133
13.409954294302562 35.859496111909245
25.621647067261804 11.205208305179646
14.471997688125558 33.74302161548847
16.534518623670156 32.2380514497954
16.595913925971008 32.85611090226718
13.60870903299067 35.4470745376245
4.237982305518702 6.755347112762244
29.28463942884032 13.178251161623708
5.117474041799743 5.1981076787724785
25.852395251383573 12.68629561176251
16.362542094491666 30.34109741354579
28.275443638113828 13.383832512261542
12.630926713705977 32.39304738481596
5.272089734143546 5.95852037221551
4.957774115114281 4.157686600352832
13.264748760090065 34.797931216811506
16.74976192117633 32.17595248125542
26.16745942137394 15.117780548034625
16.098670965929262 35.954516430851285
16.460329341290016 35.55776131645233
7.734633924107889 3.3383891741271983
26.8224455660768 13.830061582120601
8.922049976530243 8.052479362760913
25.443639455352915 11.797384315345772
17.307644789967014 32.19435418289597
17.04245143338536 34.281932486329815
26.112950011635178 10.302217546014163
26.621654797935843 13.424873361692939
16.153644977745998 34.095294949121225
26.88158896263476 11.06539906312538
8.18947541907836 4.755918633137074
12.871867736261313 34.8001757298822
